% number of repeats:% 3
% enter first, last, inc:% 48 480 48 
data = [
%  n          reference      |         current implementation 
%        time       GFLOPS   |    time       GFLOPS     diff 
   480 1.5459e-02 1.4307e+01    1.0706e-01 2.0659e+00 3.4106e-13
   432 1.0314e-02 1.5634e+01    7.5225e-02 2.1435e+00 2.9843e-13
   384 1.0988e-02 1.0306e+01    8.1379e-02 1.3916e+00 2.2737e-13
   336 4.9275e-03 1.5397e+01    3.5228e-02 2.1536e+00 1.7053e-13
   288 3.1924e-03 1.4965e+01    2.1874e-02 2.1841e+00 1.1369e-13
   240 1.7589e-03 1.5719e+01    1.2659e-02 2.1841e+00 4.2633e-14
   192 9.1405e-04 1.5487e+01    9.9227e-03 1.4266e+00 2.8422e-14
   144 3.9590e-04 1.5085e+01    2.4769e-03 2.4110e+00 2.8422e-14
    96 1.2544e-04 1.4106e+01    6.7422e-04 2.6245e+00 1.0658e-14
    48 2.0137e-05 1.0984e+01    7.6973e-05 2.8735e+00 7.1054e-15
];

% Maximum difference between reference and your implementation: 3.410605e-13.
